# Brotli (RFC 7932) decoder tables, extracted from google/brotli v1.2.0 by extract_tables.py
# crc32 = zlib.crc32(ASCII of the value line); sum = sum of values

# BLOCK_LEN_OFFSET  len=26  crc32=4b62b20e  sum=36194  source=c/common/constants.c _kBrotliPrefixCodeRanges
# block count code 0..25 -> base value (block count = offset + read(nbits))
1,5,9,13,17,25,33,41,49,65,81,97,113,145,177,209,241,305,369,497,753,1265,2289,4337,8433,16625

# BLOCK_LEN_NBITS  len=26  crc32=e09afb46  sum=162  source=c/common/constants.c _kBrotliPrefixCodeRanges
# block count code 0..25 -> number of extra bits
2,2,2,2,3,3,3,3,4,4,4,4,5,5,5,5,6,6,7,8,9,10,11,12,13,24

# INSERT_LEN_OFFSET  len=24  crc32=b9455696  sum=33577  source=c/dec/prefix.c (derived from kInsertLengthExtraBits)
# insert length code 0..23 -> base insert length
0,1,2,3,4,5,6,8,10,14,18,26,34,50,66,98,130,194,322,578,1090,2114,6210,22594

# INSERT_LEN_NBITS  len=24  crc32=8ae0ee09  sum=120  source=c/dec/prefix.c kInsertLengthExtraBits
# insert length code 0..23 -> extra bits
0,0,0,0,0,0,1,1,2,2,3,3,4,4,5,5,6,7,8,9,10,12,14,24

# COPY_LEN_OFFSET  len=24  crc32=feb64a91  sum=4866  source=c/dec/prefix.c (derived from kCopyLengthExtraBits)
# copy length code 0..23 -> base copy length
2,3,4,5,6,7,8,9,10,12,14,18,22,30,38,54,70,102,134,198,326,582,1094,2118

# COPY_LEN_NBITS  len=24  crc32=8f0fd8af  sum=94  source=c/dec/prefix.c kCopyLengthExtraBits
# copy length code 0..23 -> extra bits
0,0,0,0,0,0,0,0,1,1,2,2,3,3,4,4,5,5,6,7,8,9,10,24

# CMD_INSERT_NBITS  len=704  crc32=cf468c10  sum=2912  source=c/dec/prefix_inc.h kCmdLut.insert_len_extra_bits
# command symbol 0..703 -> insert extra bits
0,0,0,0,0,0,0,0,0,0,0,0,0,0,0,0,0,0,0,0,0,0,0,0,0,0,0,0,0,0,0,0,0,0,0,0,0,0,0,0,0,0,0,0,0,0,0,0,1,1,1,1,1,1,1,1,1,1,1,1,1,1,1,1,0,0,0,0,0,0,0,0,0,0,0,0,0,0,0,0,0,0,0,0,0,0,0,0,0,0,0,0,0,0,0,0,0,0,0,0,0,0,0,0,0,0,0,0,0,0,0,0,1,1,1,1,1,1,1,1,1,1,1,1,1,1,1,1,0,0,0,0,0,0,0,0,0,0,0,0,0,0,0,0,0,0,0,0,0,0,0,0,0,0,0,0,0,0,0,0,0,0,0,0,0,0,0,0,0,0,0,0,0,0,0,0,1,1,1,1,1,1,1,1,1,1,1,1,1,1,1,1,0,0,0,0,0,0,0,0,0,0,0,0,0,0,0,0,0,0,0,0,0,0,0,0,0,0,0,0,0,0,0,0,0,0,0,0,0,0,0,0,0,0,0,0,0,0,0,0,1,1,1,1,1,1,1,1,1,1,1,1,1,1,1,1,2,2,2,2,2,2,2,2,2,2,2,2,2,2,2,2,3,3,3,3,3,3,3,3,3,3,3,3,3,3,3,3,4,4,4,4,4,4,4,4,4,4,4,4,4,4,4,4,5,5,5,5,5,5,5,5,5,5,5,5,5,5,5,5,2,2,2,2,2,2,2,2,2,2,2,2,2,2,2,2,3,3,3,3,3,3,3,3,3,3,3,3,3,3,3,3,4,4,4,4,4,4,4,4,4,4,4,4,4,4,4,4,5,5,5,5,5,5,5,5,5,5,5,5,5,5,5,5,0,0,0,0,0,0,0,0,0,0,0,0,0,0,0,0,0,0,0,0,0,0,0,0,0,0,0,0,0,0,0,0,0,0,0,0,0,0,0,0,0,0,0,0,0,0,0,0,1,1,1,1,1,1,1,1,1,1,1,1,1,1,1,1,6,6,6,6,6,6,6,6,7,7,7,7,7,7,7,7,8,8,8,8,8,8,8,8,9,9,9,9,9,9,9,9,10,10,10,10,10,10,10,10,12,12,12,12,12,12,12,12,14,14,14,14,14,14,14,14,24,24,24,24,24,24,24,24,2,2,2,2,2,2,2,2,2,2,2,2,2,2,2,2,3,3,3,3,3,3,3,3,3,3,3,3,3,3,3,3,4,4,4,4,4,4,4,4,4,4,4,4,4,4,4,4,5,5,5,5,5,5,5,5,5,5,5,5,5,5,5,5,6,6,6,6,6,6,6,6,7,7,7,7,7,7,7,7,8,8,8,8,8,8,8,8,9,9,9,9,9,9,9,9,10,10,10,10,10,10,10,10,12,12,12,12,12,12,12,12,14,14,14,14,14,14,14,14,24,24,24,24,24,24,24,24,6,6,6,6,6,6,6,6,7,7,7,7,7,7,7,7,8,8,8,8,8,8,8,8,9,9,9,9,9,9,9,9,10,10,10,10,10,10,10,10,12,12,12,12,12,12,12,12,14,14,14,14,14,14,14,14,24,24,24,24,24,24,24,24

# CMD_COPY_NBITS  len=704  crc32=a6229f16  sum=2416  source=c/dec/prefix_inc.h kCmdLut.copy_len_extra_bits
# command symbol 0..703 -> copy extra bits
0,0,0,0,0,0,0,0,0,0,0,0,0,0,0,0,0,0,0,0,0,0,0,0,0,0,0,0,0,0,0,0,0,0,0,0,0,0,0,0,0,0,0,0,0,0,0,0,0,0,0,0,0,0,0,0,0,0,0,0,0,0,0,0,1,1,2,2,3,3,4,4,1,1,2,2,3,3,4,4,1,1,2,2,3,3,4,4,1,1,2,2,3,3,4,4,1,1,2,2,3,3,4,4,1,1,2,2,3,3,4,4,1,1,2,2,3,3,4,4,1,1,2,2,3,3,4,4,0,0,0,0,0,0,0,0,0,0,0,0,0,0,0,0,0,0,0,0,0,0,0,0,0,0,0,0,0,0,0,0,0,0,0,0,0,0,0,0,0,0,0,0,0,0,0,0,0,0,0,0,0,0,0,0,0,0,0,0,0,0,0,0,1,1,2,2,3,3,4,4,1,1,2,2,3,3,4,4,1,1,2,2,3,3,4,4,1,1,2,2,3,3,4,4,1,1,2,2,3,3,4,4,1,1,2,2,3,3,4,4,1,1,2,2,3,3,4,4,1,1,2,2,3,3,4,4,0,0,0,0,0,0,0,0,0,0,0,0,0,0,0,0,0,0,0,0,0,0,0,0,0,0,0,0,0,0,0,0,0,0,0,0,0,0,0,0,0,0,0,0,0,0,0,0,0,0,0,0,0,0,0,0,0,0,0,0,0,0,0,0,1,1,2,2,3,3,4,4,1,1,2,2,3,3,4,4,1,1,2,2,3,3,4,4,1,1,2,2,3,3,4,4,1,1,2,2,3,3,4,4,1,1,2,2,3,3,4,4,1,1,2,2,3,3,4,4,1,1,2,2,3,3,4,4,5,5,6,7,8,9,10,24,5,5,6,7,8,9,10,24,5,5,6,7,8,9,10,24,5,5,6,7,8,9,10,24,5,5,6,7,8,9,10,24,5,5,6,7,8,9,10,24,5,5,6,7,8,9,10,24,5,5,6,7,8,9,10,24,0,0,0,0,0,0,0,0,0,0,0,0,0,0,0,0,0,0,0,0,0,0,0,0,0,0,0,0,0,0,0,0,0,0,0,0,0,0,0,0,0,0,0,0,0,0,0,0,0,0,0,0,0,0,0,0,0,0,0,0,0,0,0,0,5,5,6,7,8,9,10,24,5,5,6,7,8,9,10,24,5,5,6,7,8,9,10,24,5,5,6,7,8,9,10,24,5,5,6,7,8,9,10,24,5,5,6,7,8,9,10,24,5,5,6,7,8,9,10,24,5,5,6,7,8,9,10,24,1,1,2,2,3,3,4,4,1,1,2,2,3,3,4,4,1,1,2,2,3,3,4,4,1,1,2,2,3,3,4,4,1,1,2,2,3,3,4,4,1,1,2,2,3,3,4,4,1,1,2,2,3,3,4,4,1,1,2,2,3,3,4,4,5,5,6,7,8,9,10,24,5,5,6,7,8,9,10,24,5,5,6,7,8,9,10,24,5,5,6,7,8,9,10,24,5,5,6,7,8,9,10,24,5,5,6,7,8,9,10,24,5,5,6,7,8,9,10,24,5,5,6,7,8,9,10,24

# CMD_IMPLICIT_DIST0  len=704  crc32=758633ca  sum=128  source=c/dec/prefix_inc.h kCmdLut.distance_code
# command symbol 0..703 -> 1 if distance is implicit code 0 (symbols 0..127), else 0 (C stores 0 / -1)
1,1,1,1,1,1,1,1,1,1,1,1,1,1,1,1,1,1,1,1,1,1,1,1,1,1,1,1,1,1,1,1,1,1,1,1,1,1,1,1,1,1,1,1,1,1,1,1,1,1,1,1,1,1,1,1,1,1,1,1,1,1,1,1,1,1,1,1,1,1,1,1,1,1,1,1,1,1,1,1,1,1,1,1,1,1,1,1,1,1,1,1,1,1,1,1,1,1,1,1,1,1,1,1,1,1,1,1,1,1,1,1,1,1,1,1,1,1,1,1,1,1,1,1,1,1,1,1,0,0,0,0,0,0,0,0,0,0,0,0,0,0,0,0,0,0,0,0,0,0,0,0,0,0,0,0,0,0,0,0,0,0,0,0,0,0,0,0,0,0,0,0,0,0,0,0,0,0,0,0,0,0,0,0,0,0,0,0,0,0,0,0,0,0,0,0,0,0,0,0,0,0,0,0,0,0,0,0,0,0,0,0,0,0,0,0,0,0,0,0,0,0,0,0,0,0,0,0,0,0,0,0,0,0,0,0,0,0,0,0,0,0,0,0,0,0,0,0,0,0,0,0,0,0,0,0,0,0,0,0,0,0,0,0,0,0,0,0,0,0,0,0,0,0,0,0,0,0,0,0,0,0,0,0,0,0,0,0,0,0,0,0,0,0,0,0,0,0,0,0,0,0,0,0,0,0,0,0,0,0,0,0,0,0,0,0,0,0,0,0,0,0,0,0,0,0,0,0,0,0,0,0,0,0,0,0,0,0,0,0,0,0,0,0,0,0,0,0,0,0,0,0,0,0,0,0,0,0,0,0,0,0,0,0,0,0,0,0,0,0,0,0,0,0,0,0,0,0,0,0,0,0,0,0,0,0,0,0,0,0,0,0,0,0,0,0,0,0,0,0,0,0,0,0,0,0,0,0,0,0,0,0,0,0,0,0,0,0,0,0,0,0,0,0,0,0,0,0,0,0,0,0,0,0,0,0,0,0,0,0,0,0,0,0,0,0,0,0,0,0,0,0,0,0,0,0,0,0,0,0,0,0,0,0,0,0,0,0,0,0,0,0,0,0,0,0,0,0,0,0,0,0,0,0,0,0,0,0,0,0,0,0,0,0,0,0,0,0,0,0,0,0,0,0,0,0,0,0,0,0,0,0,0,0,0,0,0,0,0,0,0,0,0,0,0,0,0,0,0,0,0,0,0,0,0,0,0,0,0,0,0,0,0,0,0,0,0,0,0,0,0,0,0,0,0,0,0,0,0,0,0,0,0,0,0,0,0,0,0,0,0,0,0,0,0,0,0,0,0,0,0,0,0,0,0,0,0,0,0,0,0,0,0,0,0,0,0,0,0,0,0,0,0,0,0,0,0,0,0,0,0,0,0,0,0,0,0,0,0,0,0,0,0,0,0,0,0,0,0,0,0,0,0,0,0,0,0,0,0,0,0,0,0,0,0,0,0,0,0,0,0,0,0,0,0,0,0,0,0,0,0,0,0,0,0,0,0,0,0,0,0,0,0,0,0,0,0,0,0,0,0,0,0,0,0,0,0,0,0,0,0,0,0,0,0,0,0,0,0,0,0,0,0,0

# CMD_DIST_CONTEXT  len=704  crc32=f9780ea9  sum=1920  source=c/dec/prefix_inc.h kCmdLut.context
# command symbol 0..703 -> distance context id 0..3 (copy len 2,3,4,>=5)
0,1,2,3,3,3,3,3,0,1,2,3,3,3,3,3,0,1,2,3,3,3,3,3,0,1,2,3,3,3,3,3,0,1,2,3,3,3,3,3,0,1,2,3,3,3,3,3,0,1,2,3,3,3,3,3,0,1,2,3,3,3,3,3,3,3,3,3,3,3,3,3,3,3,3,3,3,3,3,3,3,3,3,3,3,3,3,3,3,3,3,3,3,3,3,3,3,3,3,3,3,3,3,3,3,3,3,3,3,3,3,3,3,3,3,3,3,3,3,3,3,3,3,3,3,3,3,3,0,1,2,3,3,3,3,3,0,1,2,3,3,3,3,3,0,1,2,3,3,3,3,3,0,1,2,3,3,3,3,3,0,1,2,3,3,3,3,3,0,1,2,3,3,3,3,3,0,1,2,3,3,3,3,3,0,1,2,3,3,3,3,3,3,3,3,3,3,3,3,3,3,3,3,3,3,3,3,3,3,3,3,3,3,3,3,3,3,3,3,3,3,3,3,3,3,3,3,3,3,3,3,3,3,3,3,3,3,3,3,3,3,3,3,3,3,3,3,3,3,3,3,3,3,3,3,3,0,1,2,3,3,3,3,3,0,1,2,3,3,3,3,3,0,1,2,3,3,3,3,3,0,1,2,3,3,3,3,3,0,1,2,3,3,3,3,3,0,1,2,3,3,3,3,3,0,1,2,3,3,3,3,3,0,1,2,3,3,3,3,3,3,3,3,3,3,3,3,3,3,3,3,3,3,3,3,3,3,3,3,3,3,3,3,3,3,3,3,3,3,3,3,3,3,3,3,3,3,3,3,3,3,3,3,3,3,3,3,3,3,3,3,3,3,3,3,3,3,3,3,3,3,3,3,3,3,3,3,3,3,3,3,3,3,3,3,3,3,3,3,3,3,3,3,3,3,3,3,3,3,3,3,3,3,3,3,3,3,3,3,3,3,3,3,3,3,3,3,3,3,3,3,3,3,3,3,3,3,3,3,3,3,3,3,3,3,3,3,3,0,1,2,3,3,3,3,3,0,1,2,3,3,3,3,3,0,1,2,3,3,3,3,3,0,1,2,3,3,3,3,3,0,1,2,3,3,3,3,3,0,1,2,3,3,3,3,3,0,1,2,3,3,3,3,3,0,1,2,3,3,3,3,3,3,3,3,3,3,3,3,3,3,3,3,3,3,3,3,3,3,3,3,3,3,3,3,3,3,3,3,3,3,3,3,3,3,3,3,3,3,3,3,3,3,3,3,3,3,3,3,3,3,3,3,3,3,3,3,3,3,3,3,3,3,3,3,3,3,3,3,3,3,3,3,3,3,3,3,3,3,3,3,3,3,3,3,3,3,3,3,3,3,3,3,3,3,3,3,3,3,3,3,3,3,3,3,3,3,3,3,3,3,3,3,3,3,3,3,3,3,3,3,3,3,3,3,3,3,3,3,3,3,3,3,3,3,3,3,3,3,3,3,3,3,3,3,3,3,3,3,3,3,3,3,3,3,3,3,3,3,3,3,3,3,3,3,3,3,3,3,3,3,3,3,3,3,3,3,3,3,3,3,3,3,3,3,3,3,3,3,3,3,3,3,3

# CMD_INSERT_OFFSET  len=704  crc32=b7c6cb31  sum=806312  source=c/dec/prefix_inc.h kCmdLut.insert_len_offset
# command symbol 0..703 -> base insert length
0,0,0,0,0,0,0,0,1,1,1,1,1,1,1,1,2,2,2,2,2,2,2,2,3,3,3,3,3,3,3,3,4,4,4,4,4,4,4,4,5,5,5,5,5,5,5,5,6,6,6,6,6,6,6,6,8,8,8,8,8,8,8,8,0,0,0,0,0,0,0,0,1,1,1,1,1,1,1,1,2,2,2,2,2,2,2,2,3,3,3,3,3,3,3,3,4,4,4,4,4,4,4,4,5,5,5,5,5,5,5,5,6,6,6,6,6,6,6,6,8,8,8,8,8,8,8,8,0,0,0,0,0,0,0,0,1,1,1,1,1,1,1,1,2,2,2,2,2,2,2,2,3,3,3,3,3,3,3,3,4,4,4,4,4,4,4,4,5,5,5,5,5,5,5,5,6,6,6,6,6,6,6,6,8,8,8,8,8,8,8,8,0,0,0,0,0,0,0,0,1,1,1,1,1,1,1,1,2,2,2,2,2,2,2,2,3,3,3,3,3,3,3,3,4,4,4,4,4,4,4,4,5,5,5,5,5,5,5,5,6,6,6,6,6,6,6,6,8,8,8,8,8,8,8,8,10,10,10,10,10,10,10,10,14,14,14,14,14,14,14,14,18,18,18,18,18,18,18,18,26,26,26,26,26,26,26,26,34,34,34,34,34,34,34,34,50,50,50,50,50,50,50,50,66,66,66,66,66,66,66,66,98,98,98,98,98,98,98,98,10,10,10,10,10,10,10,10,14,14,14,14,14,14,14,14,18,18,18,18,18,18,18,18,26,26,26,26,26,26,26,26,34,34,34,34,34,34,34,34,50,50,50,50,50,50,50,50,66,66,66,66,66,66,66,66,98,98,98,98,98,98,98,98,0,0,0,0,0,0,0,0,1,1,1,1,1,1,1,1,2,2,2,2,2,2,2,2,3,3,3,3,3,3,3,3,4,4,4,4,4,4,4,4,5,5,5,5,5,5,5,5,6,6,6,6,6,6,6,6,8,8,8,8,8,8,8,8,130,130,130,130,130,130,130,130,194,194,194,194,194,194,194,194,322,322,322,322,322,322,322,322,578,578,578,578,578,578,578,578,1090,1090,1090,1090,1090,1090,1090,1090,2114,2114,2114,2114,2114,2114,2114,2114,6210,6210,6210,6210,6210,6210,6210,6210,22594,22594,22594,22594,22594,22594,22594,22594,10,10,10,10,10,10,10,10,14,14,14,14,14,14,14,14,18,18,18,18,18,18,18,18,26,26,26,26,26,26,26,26,34,34,34,34,34,34,34,34,50,50,50,50,50,50,50,50,66,66,66,66,66,66,66,66,98,98,98,98,98,98,98,98,130,130,130,130,130,130,130,130,194,194,194,194,194,194,194,194,322,322,322,322,322,322,322,322,578,578,578,578,578,578,578,578,1090,1090,1090,1090,1090,1090,1090,1090,2114,2114,2114,2114,2114,2114,2114,2114,6210,6210,6210,6210,6210,6210,6210,6210,22594,22594,22594,22594,22594,22594,22594,22594,130,130,130,130,130,130,130,130,194,194,194,194,194,194,194,194,322,322,322,322,322,322,322,322,578,578,578,578,578,578,578,578,1090,1090,1090,1090,1090,1090,1090,1090,2114,2114,2114,2114,2114,2114,2114,2114,6210,6210,6210,6210,6210,6210,6210,6210,22594,22594,22594,22594,22594,22594,22594,22594

# CMD_COPY_OFFSET  len=704  crc32=0cb4dd8e  sum=118720  source=c/dec/prefix_inc.h kCmdLut.copy_len_offset
# command symbol 0..703 -> base copy length
2,3,4,5,6,7,8,9,2,3,4,5,6,7,8,9,2,3,4,5,6,7,8,9,2,3,4,5,6,7,8,9,2,3,4,5,6,7,8,9,2,3,4,5,6,7,8,9,2,3,4,5,6,7,8,9,2,3,4,5,6,7,8,9,10,12,14,18,22,30,38,54,10,12,14,18,22,30,38,54,10,12,14,18,22,30,38,54,10,12,14,18,22,30,38,54,10,12,14,18,22,30,38,54,10,12,14,18,22,30,38,54,10,12,14,18,22,30,38,54,10,12,14,18,22,30,38,54,2,3,4,5,6,7,8,9,2,3,4,5,6,7,8,9,2,3,4,5,6,7,8,9,2,3,4,5,6,7,8,9,2,3,4,5,6,7,8,9,2,3,4,5,6,7,8,9,2,3,4,5,6,7,8,9,2,3,4,5,6,7,8,9,10,12,14,18,22,30,38,54,10,12,14,18,22,30,38,54,10,12,14,18,22,30,38,54,10,12,14,18,22,30,38,54,10,12,14,18,22,30,38,54,10,12,14,18,22,30,38,54,10,12,14,18,22,30,38,54,10,12,14,18,22,30,38,54,2,3,4,5,6,7,8,9,2,3,4,5,6,7,8,9,2,3,4,5,6,7,8,9,2,3,4,5,6,7,8,9,2,3,4,5,6,7,8,9,2,3,4,5,6,7,8,9,2,3,4,5,6,7,8,9,2,3,4,5,6,7,8,9,10,12,14,18,22,30,38,54,10,12,14,18,22,30,38,54,10,12,14,18,22,30,38,54,10,12,14,18,22,30,38,54,10,12,14,18,22,30,38,54,10,12,14,18,22,30,38,54,10,12,14,18,22,30,38,54,10,12,14,18,22,30,38,54,70,102,134,198,326,582,1094,2118,70,102,134,198,326,582,1094,2118,70,102,134,198,326,582,1094,2118,70,102,134,198,326,582,1094,2118,70,102,134,198,326,582,1094,2118,70,102,134,198,326,582,1094,2118,70,102,134,198,326,582,1094,2118,70,102,134,198,326,582,1094,2118,2,3,4,5,6,7,8,9,2,3,4,5,6,7,8,9,2,3,4,5,6,7,8,9,2,3,4,5,6,7,8,9,2,3,4,5,6,7,8,9,2,3,4,5,6,7,8,9,2,3,4,5,6,7,8,9,2,3,4,5,6,7,8,9,70,102,134,198,326,582,1094,2118,70,102,134,198,326,582,1094,2118,70,102,134,198,326,582,1094,2118,70,102,134,198,326,582,1094,2118,70,102,134,198,326,582,1094,2118,70,102,134,198,326,582,1094,2118,70,102,134,198,326,582,1094,2118,70,102,134,198,326,582,1094,2118,10,12,14,18,22,30,38,54,10,12,14,18,22,30,38,54,10,12,14,18,22,30,38,54,10,12,14,18,22,30,38,54,10,12,14,18,22,30,38,54,10,12,14,18,22,30,38,54,10,12,14,18,22,30,38,54,10,12,14,18,22,30,38,54,70,102,134,198,326,582,1094,2118,70,102,134,198,326,582,1094,2118,70,102,134,198,326,582,1094,2118,70,102,134,198,326,582,1094,2118,70,102,134,198,326,582,1094,2118,70,102,134,198,326,582,1094,2118,70,102,134,198,326,582,1094,2118,70,102,134,198,326,582,1094,2118

# CMD_INSERT_CODE  len=704  crc32=7be22386  sum=7072  source=RFC 7932 s5 cell grid
# command symbol 0..703 -> insert length code 0..23
0,0,0,0,0,0,0,0,1,1,1,1,1,1,1,1,2,2,2,2,2,2,2,2,3,3,3,3,3,3,3,3,4,4,4,4,4,4,4,4,5,5,5,5,5,5,5,5,6,6,6,6,6,6,6,6,7,7,7,7,7,7,7,7,0,0,0,0,0,0,0,0,1,1,1,1,1,1,1,1,2,2,2,2,2,2,2,2,3,3,3,3,3,3,3,3,4,4,4,4,4,4,4,4,5,5,5,5,5,5,5,5,6,6,6,6,6,6,6,6,7,7,7,7,7,7,7,7,0,0,0,0,0,0,0,0,1,1,1,1,1,1,1,1,2,2,2,2,2,2,2,2,3,3,3,3,3,3,3,3,4,4,4,4,4,4,4,4,5,5,5,5,5,5,5,5,6,6,6,6,6,6,6,6,7,7,7,7,7,7,7,7,0,0,0,0,0,0,0,0,1,1,1,1,1,1,1,1,2,2,2,2,2,2,2,2,3,3,3,3,3,3,3,3,4,4,4,4,4,4,4,4,5,5,5,5,5,5,5,5,6,6,6,6,6,6,6,6,7,7,7,7,7,7,7,7,8,8,8,8,8,8,8,8,9,9,9,9,9,9,9,9,10,10,10,10,10,10,10,10,11,11,11,11,11,11,11,11,12,12,12,12,12,12,12,12,13,13,13,13,13,13,13,13,14,14,14,14,14,14,14,14,15,15,15,15,15,15,15,15,8,8,8,8,8,8,8,8,9,9,9,9,9,9,9,9,10,10,10,10,10,10,10,10,11,11,11,11,11,11,11,11,12,12,12,12,12,12,12,12,13,13,13,13,13,13,13,13,14,14,14,14,14,14,14,14,15,15,15,15,15,15,15,15,0,0,0,0,0,0,0,0,1,1,1,1,1,1,1,1,2,2,2,2,2,2,2,2,3,3,3,3,3,3,3,3,4,4,4,4,4,4,4,4,5,5,5,5,5,5,5,5,6,6,6,6,6,6,6,6,7,7,7,7,7,7,7,7,16,16,16,16,16,16,16,16,17,17,17,17,17,17,17,17,18,18,18,18,18,18,18,18,19,19,19,19,19,19,19,19,20,20,20,20,20,20,20,20,21,21,21,21,21,21,21,21,22,22,22,22,22,22,22,22,23,23,23,23,23,23,23,23,8,8,8,8,8,8,8,8,9,9,9,9,9,9,9,9,10,10,10,10,10,10,10,10,11,11,11,11,11,11,11,11,12,12,12,12,12,12,12,12,13,13,13,13,13,13,13,13,14,14,14,14,14,14,14,14,15,15,15,15,15,15,15,15,16,16,16,16,16,16,16,16,17,17,17,17,17,17,17,17,18,18,18,18,18,18,18,18,19,19,19,19,19,19,19,19,20,20,20,20,20,20,20,20,21,21,21,21,21,21,21,21,22,22,22,22,22,22,22,22,23,23,23,23,23,23,23,23,16,16,16,16,16,16,16,16,17,17,17,17,17,17,17,17,18,18,18,18,18,18,18,18,19,19,19,19,19,19,19,19,20,20,20,20,20,20,20,20,21,21,21,21,21,21,21,21,22,22,22,22,22,22,22,22,23,23,23,23,23,23,23,23

# CMD_COPY_CODE  len=704  crc32=b3852531  sum=7584  source=RFC 7932 s5 cell grid
# command symbol 0..703 -> copy length code 0..23
0,1,2,3,4,5,6,7,0,1,2,3,4,5,6,7,0,1,2,3,4,5,6,7,0,1,2,3,4,5,6,7,0,1,2,3,4,5,6,7,0,1,2,3,4,5,6,7,0,1,2,3,4,5,6,7,0,1,2,3,4,5,6,7,8,9,10,11,12,13,14,15,8,9,10,11,12,13,14,15,8,9,10,11,12,13,14,15,8,9,10,11,12,13,14,15,8,9,10,11,12,13,14,15,8,9,10,11,12,13,14,15,8,9,10,11,12,13,14,15,8,9,10,11,12,13,14,15,0,1,2,3,4,5,6,7,0,1,2,3,4,5,6,7,0,1,2,3,4,5,6,7,0,1,2,3,4,5,6,7,0,1,2,3,4,5,6,7,0,1,2,3,4,5,6,7,0,1,2,3,4,5,6,7,0,1,2,3,4,5,6,7,8,9,10,11,12,13,14,15,8,9,10,11,12,13,14,15,8,9,10,11,12,13,14,15,8,9,10,11,12,13,14,15,8,9,10,11,12,13,14,15,8,9,10,11,12,13,14,15,8,9,10,11,12,13,14,15,8,9,10,11,12,13,14,15,0,1,2,3,4,5,6,7,0,1,2,3,4,5,6,7,0,1,2,3,4,5,6,7,0,1,2,3,4,5,6,7,0,1,2,3,4,5,6,7,0,1,2,3,4,5,6,7,0,1,2,3,4,5,6,7,0,1,2,3,4,5,6,7,8,9,10,11,12,13,14,15,8,9,10,11,12,13,14,15,8,9,10,11,12,13,14,15,8,9,10,11,12,13,14,15,8,9,10,11,12,13,14,15,8,9,10,11,12,13,14,15,8,9,10,11,12,13,14,15,8,9,10,11,12,13,14,15,16,17,18,19,20,21,22,23,16,17,18,19,20,21,22,23,16,17,18,19,20,21,22,23,16,17,18,19,20,21,22,23,16,17,18,19,20,21,22,23,16,17,18,19,20,21,22,23,16,17,18,19,20,21,22,23,16,17,18,19,20,21,22,23,0,1,2,3,4,5,6,7,0,1,2,3,4,5,6,7,0,1,2,3,4,5,6,7,0,1,2,3,4,5,6,7,0,1,2,3,4,5,6,7,0,1,2,3,4,5,6,7,0,1,2,3,4,5,6,7,0,1,2,3,4,5,6,7,16,17,18,19,20,21,22,23,16,17,18,19,20,21,22,23,16,17,18,19,20,21,22,23,16,17,18,19,20,21,22,23,16,17,18,19,20,21,22,23,16,17,18,19,20,21,22,23,16,17,18,19,20,21,22,23,16,17,18,19,20,21,22,23,8,9,10,11,12,13,14,15,8,9,10,11,12,13,14,15,8,9,10,11,12,13,14,15,8,9,10,11,12,13,14,15,8,9,10,11,12,13,14,15,8,9,10,11,12,13,14,15,8,9,10,11,12,13,14,15,8,9,10,11,12,13,14,15,16,17,18,19,20,21,22,23,16,17,18,19,20,21,22,23,16,17,18,19,20,21,22,23,16,17,18,19,20,21,22,23,16,17,18,19,20,21,22,23,16,17,18,19,20,21,22,23,16,17,18,19,20,21,22,23,16,17,18,19,20,21,22,23

# DIST_SHORT_RING_BACK  len=16  crc32=28bbf2e3  sum=12  source=c/dec/decode.c TakeDistanceFromRingBuffer
# distance code 0..15 -> which past distance (0=last,1=2nd-to-last,2=3rd,3=4th)
0,1,2,3,0,0,0,0,0,0,1,1,1,1,1,1

# DIST_SHORT_DELTA  len=16  crc32=b5cbd151  sum=0  source=c/dec/decode.c TakeDistanceFromRingBuffer (0x605142)
# distance code 0..15 -> signed delta added to that past distance
0,0,0,0,-1,1,-2,2,-3,3,-1,1,-2,2,-3,3

# DIST_RING_INIT  len=4  crc32=bc603ab4  sum=46  source=c/dec/state.c BrotliDecoderStateInit dist_rb[0..3], dist_rb_idx=0
# initial ring (slot order); last=4, 2nd=11, 3rd=15, 4th=16
16,15,11,4

# CODE_LENGTH_CODE_ORDER  len=18  crc32=4d797026  sum=153  source=c/dec/decode.c kCodeLengthCodeOrder
# order in which the 18 code-length-code lengths are transmitted
1,2,3,4,0,5,17,6,16,7,8,9,10,11,12,13,14,15

# CLCL_PREFIX_BITS  len=16  crc32=e538db41  sum=38  source=c/dec/decode.c kCodeLengthPrefixLength
# peek 4 bits (LSB-first) -> number of bits of the code-length-code length symbol
2,2,2,3,2,2,2,4,2,2,2,3,2,2,2,4

# CLCL_PREFIX_VALUE  len=16  crc32=2afaf029  sum=38  source=c/dec/decode.c kCodeLengthPrefixValue
# peek 4 bits (LSB-first) -> code-length-code length 0..5
0,4,3,2,0,4,3,1,0,4,3,2,0,4,3,5

# CONTEXT_LUT_LSB6  len=512  crc32=cf348991  sum=8064  source=c/common/context.c _kBrotliContextLookupTable
# mode 0: [0..255]=f(p1), [256..511]=g(p2); context id = lut[p1] | lut[256+p2]
0,1,2,3,4,5,6,7,8,9,10,11,12,13,14,15,16,17,18,19,20,21,22,23,24,25,26,27,28,29,30,31,32,33,34,35,36,37,38,39,40,41,42,43,44,45,46,47,48,49,50,51,52,53,54,55,56,57,58,59,60,61,62,63,0,1,2,3,4,5,6,7,8,9,10,11,12,13,14,15,16,17,18,19,20,21,22,23,24,25,26,27,28,29,30,31,32,33,34,35,36,37,38,39,40,41,42,43,44,45,46,47,48,49,50,51,52,53,54,55,56,57,58,59,60,61,62,63,0,1,2,3,4,5,6,7,8,9,10,11,12,13,14,15,16,17,18,19,20,21,22,23,24,25,26,27,28,29,30,31,32,33,34,35,36,37,38,39,40,41,42,43,44,45,46,47,48,49,50,51,52,53,54,55,56,57,58,59,60,61,62,63,0,1,2,3,4,5,6,7,8,9,10,11,12,13,14,15,16,17,18,19,20,21,22,23,24,25,26,27,28,29,30,31,32,33,34,35,36,37,38,39,40,41,42,43,44,45,46,47,48,49,50,51,52,53,54,55,56,57,58,59,60,61,62,63,0,0,0,0,0,0,0,0,0,0,0,0,0,0,0,0,0,0,0,0,0,0,0,0,0,0,0,0,0,0,0,0,0,0,0,0,0,0,0,0,0,0,0,0,0,0,0,0,0,0,0,0,0,0,0,0,0,0,0,0,0,0,0,0,0,0,0,0,0,0,0,0,0,0,0,0,0,0,0,0,0,0,0,0,0,0,0,0,0,0,0,0,0,0,0,0,0,0,0,0,0,0,0,0,0,0,0,0,0,0,0,0,0,0,0,0,0,0,0,0,0,0,0,0,0,0,0,0,0,0,0,0,0,0,0,0,0,0,0,0,0,0,0,0,0,0,0,0,0,0,0,0,0,0,0,0,0,0,0,0,0,0,0,0,0,0,0,0,0,0,0,0,0,0,0,0,0,0,0,0,0,0,0,0,0,0,0,0,0,0,0,0,0,0,0,0,0,0,0,0,0,0,0,0,0,0,0,0,0,0,0,0,0,0,0,0,0,0,0,0,0,0,0,0,0,0,0,0,0,0,0,0,0,0,0,0,0,0,0,0,0,0,0,0,0,0,0,0,0,0,0,0,0,0,0,0

# CONTEXT_LUT_MSB6  len=512  crc32=963fc7f7  sum=8064  source=c/common/context.c _kBrotliContextLookupTable
# mode 1: [0..255]=f(p1), [256..511]=g(p2); context id = lut[p1] | lut[256+p2]
0,0,0,0,1,1,1,1,2,2,2,2,3,3,3,3,4,4,4,4,5,5,5,5,6,6,6,6,7,7,7,7,8,8,8,8,9,9,9,9,10,10,10,10,11,11,11,11,12,12,12,12,13,13,13,13,14,14,14,14,15,15,15,15,16,16,16,16,17,17,17,17,18,18,18,18,19,19,19,19,20,20,20,20,21,21,21,21,22,22,22,22,23,23,23,23,24,24,24,24,25,25,25,25,26,26,26,26,27,27,27,27,28,28,28,28,29,29,29,29,30,30,30,30,31,31,31,31,32,32,32,32,33,33,33,33,34,34,34,34,35,35,35,35,36,36,36,36,37,37,37,37,38,38,38,38,39,39,39,39,40,40,40,40,41,41,41,41,42,42,42,42,43,43,43,43,44,44,44,44,45,45,45,45,46,46,46,46,47,47,47,47,48,48,48,48,49,49,49,49,50,50,50,50,51,51,51,51,52,52,52,52,53,53,53,53,54,54,54,54,55,55,55,55,56,56,56,56,57,57,57,57,58,58,58,58,59,59,59,59,60,60,60,60,61,61,61,61,62,62,62,62,63,63,63,63,0,0,0,0,0,0,0,0,0,0,0,0,0,0,0,0,0,0,0,0,0,0,0,0,0,0,0,0,0,0,0,0,0,0,0,0,0,0,0,0,0,0,0,0,0,0,0,0,0,0,0,0,0,0,0,0,0,0,0,0,0,0,0,0,0,0,0,0,0,0,0,0,0,0,0,0,0,0,0,0,0,0,0,0,0,0,0,0,0,0,0,0,0,0,0,0,0,0,0,0,0,0,0,0,0,0,0,0,0,0,0,0,0,0,0,0,0,0,0,0,0,0,0,0,0,0,0,0,0,0,0,0,0,0,0,0,0,0,0,0,0,0,0,0,0,0,0,0,0,0,0,0,0,0,0,0,0,0,0,0,0,0,0,0,0,0,0,0,0,0,0,0,0,0,0,0,0,0,0,0,0,0,0,0,0,0,0,0,0,0,0,0,0,0,0,0,0,0,0,0,0,0,0,0,0,0,0,0,0,0,0,0,0,0,0,0,0,0,0,0,0,0,0,0,0,0,0,0,0,0,0,0,0,0,0,0,0,0,0,0,0,0,0,0,0,0,0,0,0,0,0,0,0,0,0,0

# CONTEXT_LUT_UTF8  len=512  crc32=c826da92  sum=4394  source=c/common/context.c _kBrotliContextLookupTable
# mode 2: [0..255]=f(p1), [256..511]=g(p2); context id = lut[p1] | lut[256+p2]
0,0,0,0,0,0,0,0,0,4,4,0,0,4,0,0,0,0,0,0,0,0,0,0,0,0,0,0,0,0,0,0,8,12,16,12,12,20,12,16,24,28,12,12,32,12,36,12,44,44,44,44,44,44,44,44,44,44,32,32,24,40,28,12,12,48,52,52,52,48,52,52,52,48,52,52,52,52,52,48,52,52,52,52,52,48,52,52,52,52,52,24,12,28,12,12,12,56,60,60,60,56,60,60,60,56,60,60,60,60,60,56,60,60,60,60,60,56,60,60,60,60,60,24,12,28,12,0,0,1,0,1,0,1,0,1,0,1,0,1,0,1,0,1,0,1,0,1,0,1,0,1,0,1,0,1,0,1,0,1,0,1,0,1,0,1,0,1,0,1,0,1,0,1,0,1,0,1,0,1,0,1,0,1,0,1,0,1,0,1,0,1,2,3,2,3,2,3,2,3,2,3,2,3,2,3,2,3,2,3,2,3,2,3,2,3,2,3,2,3,2,3,2,3,2,3,2,3,2,3,2,3,2,3,2,3,2,3,2,3,2,3,2,3,2,3,2,3,2,3,2,3,2,3,2,3,0,0,0,0,0,0,0,0,0,0,0,0,0,0,0,0,0,0,0,0,0,0,0,0,0,0,0,0,0,0,0,0,0,1,1,1,1,1,1,1,1,1,1,1,1,1,1,1,2,2,2,2,2,2,2,2,2,2,1,1,1,1,1,1,1,2,2,2,2,2,2,2,2,2,2,2,2,2,2,2,2,2,2,2,2,2,2,2,2,2,2,1,1,1,1,1,1,3,3,3,3,3,3,3,3,3,3,3,3,3,3,3,3,3,3,3,3,3,3,3,3,3,3,1,1,1,1,0,0,0,0,0,0,0,0,0,0,0,0,0,0,0,0,0,0,0,0,0,0,0,0,0,0,0,0,0,0,0,0,0,0,0,0,0,0,0,0,0,0,0,0,0,0,0,0,0,0,0,0,0,0,0,0,0,0,0,0,0,0,0,0,0,0,0,0,0,0,0,0,0,0,0,0,0,0,0,0,0,0,0,0,0,0,0,0,0,0,0,0,0,0,0,0,0,2,2,2,2,2,2,2,2,2,2,2,2,2,2,2,2,2,2,2,2,2,2,2,2,2,2,2,2,2,2,2,2

# CONTEXT_LUT_SIGNED  len=512  crc32=b815293c  sum=8064  source=c/common/context.c _kBrotliContextLookupTable
# mode 3: [0..255]=f(p1), [256..511]=g(p2); context id = lut[p1] | lut[256+p2]
0,8,8,8,8,8,8,8,8,8,8,8,8,8,8,8,16,16,16,16,16,16,16,16,16,16,16,16,16,16,16,16,16,16,16,16,16,16,16,16,16,16,16,16,16,16,16,16,16,16,16,16,16,16,16,16,16,16,16,16,16,16,16,16,24,24,24,24,24,24,24,24,24,24,24,24,24,24,24,24,24,24,24,24,24,24,24,24,24,24,24,24,24,24,24,24,24,24,24,24,24,24,24,24,24,24,24,24,24,24,24,24,24,24,24,24,24,24,24,24,24,24,24,24,24,24,24,24,32,32,32,32,32,32,32,32,32,32,32,32,32,32,32,32,32,32,32,32,32,32,32,32,32,32,32,32,32,32,32,32,32,32,32,32,32,32,32,32,32,32,32,32,32,32,32,32,32,32,32,32,32,32,32,32,32,32,32,32,32,32,32,32,40,40,40,40,40,40,40,40,40,40,40,40,40,40,40,40,40,40,40,40,40,40,40,40,40,40,40,40,40,40,40,40,40,40,40,40,40,40,40,40,40,40,40,40,40,40,40,40,48,48,48,48,48,48,48,48,48,48,48,48,48,48,48,56,0,1,1,1,1,1,1,1,1,1,1,1,1,1,1,1,2,2,2,2,2,2,2,2,2,2,2,2,2,2,2,2,2,2,2,2,2,2,2,2,2,2,2,2,2,2,2,2,2,2,2,2,2,2,2,2,2,2,2,2,2,2,2,2,3,3,3,3,3,3,3,3,3,3,3,3,3,3,3,3,3,3,3,3,3,3,3,3,3,3,3,3,3,3,3,3,3,3,3,3,3,3,3,3,3,3,3,3,3,3,3,3,3,3,3,3,3,3,3,3,3,3,3,3,3,3,3,3,4,4,4,4,4,4,4,4,4,4,4,4,4,4,4,4,4,4,4,4,4,4,4,4,4,4,4,4,4,4,4,4,4,4,4,4,4,4,4,4,4,4,4,4,4,4,4,4,4,4,4,4,4,4,4,4,4,4,4,4,4,4,4,4,5,5,5,5,5,5,5,5,5,5,5,5,5,5,5,5,5,5,5,5,5,5,5,5,5,5,5,5,5,5,5,5,5,5,5,5,5,5,5,5,5,5,5,5,5,5,5,5,6,6,6,6,6,6,6,6,6,6,6,6,6,6,6,7

# RFC_LUT0  len=256  crc32=66cceed9  sum=4148  source=RFC 7932 s7.1
# UTF8 p1 table
0,0,0,0,0,0,0,0,0,4,4,0,0,4,0,0,0,0,0,0,0,0,0,0,0,0,0,0,0,0,0,0,8,12,16,12,12,20,12,16,24,28,12,12,32,12,36,12,44,44,44,44,44,44,44,44,44,44,32,32,24,40,28,12,12,48,52,52,52,48,52,52,52,48,52,52,52,52,52,48,52,52,52,52,52,48,52,52,52,52,52,24,12,28,12,12,12,56,60,60,60,56,60,60,60,56,60,60,60,60,60,56,60,60,60,60,60,56,60,60,60,60,60,24,12,28,12,0,0,1,0,1,0,1,0,1,0,1,0,1,0,1,0,1,0,1,0,1,0,1,0,1,0,1,0,1,0,1,0,1,0,1,0,1,0,1,0,1,0,1,0,1,0,1,0,1,0,1,0,1,0,1,0,1,0,1,0,1,0,1,0,1,2,3,2,3,2,3,2,3,2,3,2,3,2,3,2,3,2,3,2,3,2,3,2,3,2,3,2,3,2,3,2,3,2,3,2,3,2,3,2,3,2,3,2,3,2,3,2,3,2,3,2,3,2,3,2,3,2,3,2,3,2,3,2,3

# RFC_LUT1  len=256  crc32=b65880ff  sum=246  source=RFC 7932 s7.1
# UTF8 p2 table
0,0,0,0,0,0,0,0,0,0,0,0,0,0,0,0,0,0,0,0,0,0,0,0,0,0,0,0,0,0,0,0,0,1,1,1,1,1,1,1,1,1,1,1,1,1,1,1,2,2,2,2,2,2,2,2,2,2,1,1,1,1,1,1,1,2,2,2,2,2,2,2,2,2,2,2,2,2,2,2,2,2,2,2,2,2,2,2,2,2,2,1,1,1,1,1,1,3,3,3,3,3,3,3,3,3,3,3,3,3,3,3,3,3,3,3,3,3,3,3,3,3,3,1,1,1,1,0,0,0,0,0,0,0,0,0,0,0,0,0,0,0,0,0,0,0,0,0,0,0,0,0,0,0,0,0,0,0,0,0,0,0,0,0,0,0,0,0,0,0,0,0,0,0,0,0,0,0,0,0,0,0,0,0,0,0,0,0,0,0,0,0,0,0,0,0,0,0,0,0,0,0,0,0,0,0,0,0,0,0,0,0,0,0,0,0,0,0,0,0,0,0,0,0,2,2,2,2,2,2,2,2,2,2,2,2,2,2,2,2,2,2,2,2,2,2,2,2,2,2,2,2,2,2,2,2

# RFC_LUT2  len=256  crc32=aa71e288  sum=896  source=RFC 7932 s7.1
# SIGNED table (p1 uses <<3)
0,1,1,1,1,1,1,1,1,1,1,1,1,1,1,1,2,2,2,2,2,2,2,2,2,2,2,2,2,2,2,2,2,2,2,2,2,2,2,2,2,2,2,2,2,2,2,2,2,2,2,2,2,2,2,2,2,2,2,2,2,2,2,2,3,3,3,3,3,3,3,3,3,3,3,3,3,3,3,3,3,3,3,3,3,3,3,3,3,3,3,3,3,3,3,3,3,3,3,3,3,3,3,3,3,3,3,3,3,3,3,3,3,3,3,3,3,3,3,3,3,3,3,3,3,3,3,3,4,4,4,4,4,4,4,4,4,4,4,4,4,4,4,4,4,4,4,4,4,4,4,4,4,4,4,4,4,4,4,4,4,4,4,4,4,4,4,4,4,4,4,4,4,4,4,4,4,4,4,4,4,4,4,4,4,4,4,4,4,4,4,4,5,5,5,5,5,5,5,5,5,5,5,5,5,5,5,5,5,5,5,5,5,5,5,5,5,5,5,5,5,5,5,5,5,5,5,5,5,5,5,5,5,5,5,5,5,5,5,5,6,6,6,6,6,6,6,6,6,6,6,6,6,6,6,7

# DICT_NDBITS  len=25  crc32=ec030e65  sum=176  source=c/common/dictionary.c size_bits_by_length
# length 0..24 -> log2(#words)
0,0,0,0,10,10,11,11,10,10,10,10,10,9,9,8,7,7,8,7,7,6,6,5,5

# DICT_DOFFSET  len=26  crc32=8f9d90e1  sum=1742144  source=c/common/dictionary.c offsets_by_length
# length 0..24 -> byte offset in DICT; entry 25 = DICTSIZE 122784
0,0,0,0,0,4096,9216,21504,35840,44032,53248,63488,74752,87040,93696,100864,104704,106752,108928,113536,115968,118528,119872,121280,122016,122784

# DICT_DATA_DIGEST  len=34  crc32=b22b99d8  sum=1362672110  source=c/common/dictionary.bin
# not the data: [length, crc32 (decimal), sha256 bytes x32]; data = RFC Appendix A = dictionary.bin
122784,1362545412,32,228,46,177,181,17,194,24,6,212,210,39,208,126,93,208,104,119,216,206,123,58,129,127,55,143,49,54,83,243,92,112

# TRANSFORM_PREFIX_ID  len=121  crc32=f812d94d  sum=4503  source=c/common/transform.c kTransformsData
# transform 0..120 -> index into PREFIX_SUFFIX_MAP for prefix
49,49,0,49,49,49,0,4,49,49,49,49,49,1,49,0,49,49,48,49,49,49,49,49,49,49,49,49,49,49,0,49,5,0,49,49,49,49,49,49,49,47,49,49,49,49,49,49,49,49,49,49,0,49,49,49,49,49,49,49,49,49,47,49,49,0,49,5,49,49,49,0,35,47,49,49,49,5,49,49,49,0,49,0,49,0,49,49,49,0,49,0,49,49,49,49,0,49,0,49,49,49,45,0,49,49,49,49,49,0,0,0,49,49,49,0,49,0,0,0,0

# TRANSFORM_TYPE  len=121  crc32=d9d90142  sum=580  source=c/common/transform.c kTransformsData
# transform 0..120 -> C type: 0 Identity, 1..9 OmitLast1..9, 10 UppercaseFirst(=FermentFirst), 11 UppercaseAll(=FermentAll), 12..20 OmitFirst1..9
0,0,0,12,10,0,0,0,0,10,0,13,1,0,0,10,0,0,0,0,0,0,0,3,0,0,14,2,0,0,10,0,0,0,15,0,0,0,0,16,17,0,4,0,11,0,0,0,7,1,0,0,0,0,20,18,6,0,10,8,0,0,0,5,9,10,10,0,11,10,0,0,0,0,10,0,0,0,10,10,0,0,0,11,0,11,0,11,10,0,0,10,0,0,11,0,10,11,0,10,0,11,0,0,10,11,0,11,10,10,11,11,11,11,11,11,11,11,10,11,10

# TRANSFORM_SUFFIX_ID  len=121  crc32=1be22738  sum=3066  source=c/common/transform.c kTransformsData
# transform 0..120 -> index into PREFIX_SUFFIX_MAP for suffix
49,0,0,49,0,47,49,0,3,49,6,49,49,0,1,0,7,9,0,8,5,10,11,49,13,14,49,49,15,16,49,12,49,1,49,18,17,19,20,49,49,49,49,22,49,23,24,25,49,26,27,28,12,29,49,49,49,21,1,49,31,32,3,49,49,1,8,21,0,10,30,5,49,2,17,36,33,0,21,5,37,30,38,0,39,49,34,8,12,21,40,12,41,42,17,43,5,10,34,33,44,5,49,33,30,30,46,1,34,33,30,1,33,21,12,5,34,12,30,34,34

# PREFIX_SUFFIX_MAP  len=50  crc32=d64be057  sum=5240  source=c/common/transform.c kPrefixSuffixMap
# id 0..49 -> offset into PREFIX_SUFFIX_POOL of a length-prefixed string
0,2,5,14,19,22,24,30,35,37,42,45,47,50,52,58,62,69,71,78,85,90,92,99,104,109,114,119,122,124,128,131,136,140,142,145,151,159,165,169,173,178,183,189,194,199,202,207,213,216

# PREFIX_SUFFIX_POOL  len=217  crc32=9bf639d5  sum=12699  source=c/common/transform.c kPrefixSuffix
# 217 bytes: sequence of [len][bytes...]; final byte 0 = empty string (id 49)
1,32,2,44,32,8,32,111,102,32,116,104,101,32,4,32,111,102,32,2,115,32,1,46,5,32,97,110,100,32,4,32,105,110,32,1,34,4,32,116,111,32,2,34,62,1,10,2,46,32,1,93,5,32,102,111,114,32,3,32,97,32,6,32,116,104,97,116,32,1,39,6,32,119,105,116,104,32,6,32,102,114,111,109,32,4,32,98,121,32,1,40,6,46,32,84,104,101,32,4,32,111,110,32,4,32,97,115,32,4,32,105,115,32,4,105,110,103,32,2,10,9,1,58,3,101,100,32,2,61,34,4,32,97,116,32,3,108,121,32,1,44,2,61,39,5,46,99,111,109,47,7,46,32,84,104,105,115,32,5,32,110,111,116,32,3,101,114,32,3,97,108,32,4,102,117,108,32,4,105,118,101,32,5,108,101,115,115,32,4,101,115,116,32,4,105,122,101,32,2,194,160,4,111,117,115,32,5,32,116,104,101,32,2,101,32,0

# TRANSFORM_CUTOFF  len=10  crc32=6a898ecb  sum=394  source=c/common/transform.c kBrotliTransforms.cutOffTransforms
# k=0..9 -> transform index of ['' OmitLast_k ''] (k=0: identity)
0,12,27,23,42,63,56,48,59,64

# WBITS_BY_PATTERN7  len=128  crc32=07e2bdf8  sum=2292  source=c/dec/decode.c DecodeWindowBits
# 7-bit peek (LSB-first) -> WBITS (0 = invalid / large-window escape)
16,17,16,18,16,19,16,20,16,21,16,22,16,23,16,24,16,0,16,18,16,19,16,20,16,21,16,22,16,23,16,24,16,10,16,18,16,19,16,20,16,21,16,22,16,23,16,24,16,11,16,18,16,19,16,20,16,21,16,22,16,23,16,24,16,12,16,18,16,19,16,20,16,21,16,22,16,23,16,24,16,13,16,18,16,19,16,20,16,21,16,22,16,23,16,24,16,14,16,18,16,19,16,20,16,21,16,22,16,23,16,24,16,15,16,18,16,19,16,20,16,21,16,22,16,23,16,24

# WBITS_BITS_BY_PATTERN7  len=128  crc32=e7abd2fe  sum=344  source=c/dec/decode.c DecodeWindowBits
# 7-bit peek (LSB-first) -> bits consumed (1,4 or 7)
1,7,1,4,1,4,1,4,1,4,1,4,1,4,1,4,1,7,1,4,1,4,1,4,1,4,1,4,1,4,1,4,1,7,1,4,1,4,1,4,1,4,1,4,1,4,1,4,1,7,1,4,1,4,1,4,1,4,1,4,1,4,1,4,1,7,1,4,1,4,1,4,1,4,1,4,1,4,1,4,1,7,1,4,1,4,1,4,1,4,1,4,1,4,1,4,1,7,1,4,1,4,1,4,1,4,1,4,1,4,1,4,1,7,1,4,1,4,1,4,1,4,1,4,1,4,1,4

# MAX_HUFFMAN_TABLE_SIZE_BY_32  len=23  crc32=5c15e9da  sum=16582  source=java/org/brotli/dec/Decode.java MAX_HUFFMAN_TABLE_SIZE
# index (alphabet_size_limit+31)>>5 -> max root(8)+2nd-level table entries for one prefix code
256,402,436,468,500,534,566,598,630,662,694,726,758,790,822,854,886,920,952,984,1016,1048,1080

# MAX_HUFFMAN_TABLE_SIZE_C  len=6  crc32=d2874e71  sum=2230  source=c/dec/huffman.h
# pairs (alphabet size, max table entries): block count / block type / context map
26,396,258,632,272,646

# ENOUGH_ROOT8_MAX15  len=52  crc32=41f18f23  sum=28068  source=probe/enough_results.tsv
# pairs (n symbols, max table entries) from zlib examples/enough.c
26,396,32,402,64,436,96,468,128,500,160,534,192,566,224,598,256,630,258,632,272,646,288,662,320,694,352,726,384,758,416,790,448,822,480,854,512,886,520,896,544,920,576,952,608,984,640,1016,672,1048,704,1080

# SCALARS  len=13  crc32=8c9f4adf  sum=2164262305  source=c/common/constants.h
# NUM_LITERAL_SYMBOLS, NUM_COMMAND_SYMBOLS, NUM_BLOCK_LEN_SYMBOLS, CONTEXT_MAP_MAX_RLE, MAX_BLOCK_TYPES, NUM_DISTANCE_SHORT_CODES, MAX_NPOSTFIX, MAX_NDIRECT, MAX_DISTANCE_BITS, WINDOW_GAP, MAX_ALLOWED_DISTANCE, INITIAL_REPEATED_CODE_LENGTH, BLOCK_SIZE_CAP(1<<24)
256,704,26,16,256,16,3,120,24,16,2147483644,8,16777216

